==========================================================
 Residuos por iteracao - Metodo de Newton modificado
 Chute fixo (0.5,0.5,0.5) + 10 chutes aleatorios em [-1.0, 1.0]
==========================================================

----------------------------------------------------------
Chute inicial: x0 = 0.500000, y0 = 0.500000, z0 = 0.500000
----------------------------------------------------------
    iter               f1               f2               f3                G
       0    -2.500000e-01    -1.250000e+00    -7.500000e-01     2.187500e+00
       1     9.216798e-02     7.080046e-02     1.333416e-01     3.128761e-02
       2    -1.706751e-02    -5.384520e-03     7.715360e-03     3.798198e-04
       3     5.719019e-04    -3.150924e-03    -4.184866e-03     2.776850e-05
       4     4.717827e-04     7.264745e-04     1.084755e-03     1.927038e-06
       5    -1.261666e-04    -7.896689e-05    -6.071783e-05     2.584044e-08
       6     1.325265e-05    -8.793066e-06    -1.779171e-05     5.694957e-10
       7     1.289800e-06     4.491792e-06     6.801619e-06     6.810179e-11
       8    -7.484270e-07    -7.645530e-07    -8.926072e-07     1.941432e-12
       9     1.291699e-07     1.965843e-08    -1.877143e-08     1.742367e-14
      10    -4.167300e-09     2.128517e-08     3.581454e-08     1.753106e-15
      11    -3.456130e-09    -5.632810e-09    -7.530174e-09     1.003769e-16
      12     9.419689e-10     5.678995e-10     5.250405e-10     1.485483e-18
      13    -9.922141e-11     6.117551e-11     1.379301e-10     3.261205e-20
      14    -9.328538e-12    -3.364820e-11    -4.970446e-11     3.689756e-21

----------------------------------------------------------
Chute inicial: x0 = 0.496879, y0 = 0.326266, z0 = -0.944648
----------------------------------------------------------
    iter               f1               f2               f3                G
       0     3.488704e+00     4.726288e+00     1.220322e+00     3.599804e+01
       1     2.749961e+00     2.873541e+00     1.762288e+00     1.892518e+01
       2     2.421676e+00     1.707773e+00     2.442114e+00     1.474492e+01
       3     5.729304e-01    -5.804096e-01     2.159032e+00     5.326543e+00
       4    -4.602496e-01     6.866265e-01    -1.343914e+00     2.489392e+00
       5     1.107666e-01    -8.473609e-01     9.663313e-01     1.664086e+00
       6    -3.380874e-01    -3.202923e-01    -2.859977e-01     2.986849e-01
       7    -2.240720e-01    -6.931393e-03    -4.541427e-01     2.565019e-01
       8    -1.380537e-04    -9.589579e-02     6.430609e-02     1.333130e-02
       9    -3.356049e-02    -3.612895e-02    -3.538845e-02     3.683951e-03
      10    -2.172639e-02     3.122389e-04    -4.322997e-02     2.340964e-03
      11     3.190118e-03    -6.183310e-03     7.538131e-03     1.052336e-04
      12    -3.867745e-03     2.335022e-03    -7.753293e-03     8.052533e-05
      13     1.742796e-03    -1.595350e-03     3.570061e-03     1.832782e-05
      14    -1.079776e-03     8.421451e-04    -2.180144e-03     6.628154e-06
      15     5.862690e-04    -4.885124e-04     1.189522e-03     1.997319e-06
      16    -3.359090e-04     2.721060e-04    -6.798002e-04     6.490048e-07
      17     1.879534e-04    -1.542290e-04     3.808218e-04     2.041383e-07
      18    -1.063232e-04     8.670914e-05    -2.152939e-04     6.517457e-08
      19     5.982608e-05    -4.894107e-05     1.211806e-04     2.065913e-08
      20    -3.375430e-05     2.756841e-05    -6.835912e-05     6.572339e-09
      21     1.901733e-05    -1.554557e-05     3.851749e-05     2.086921e-09
      22    -1.072266e-05     8.761040e-06    -2.171642e-05     6.633341e-10
      23     6.043292e-06    -4.939001e-06     1.223973e-05     2.107262e-10
      24    -3.406789e-06     2.783866e-06    -6.899801e-06     6.696337e-11
      25     1.920264e-06    -1.569274e-06     3.889163e-06     2.127562e-11
      26    -1.082450e-06     8.845579e-07    -2.192305e-06     6.760340e-12
      27     6.101509e-07    -4.986165e-07     1.235753e-06     2.147987e-12
      28    -3.439351e-07     2.810605e-07    -6.965786e-07     6.825081e-13
      29     1.938698e-07    -1.584298e-07     3.926488e-07     2.168586e-13
      30    -1.092816e-07     8.930419e-08    -2.213303e-07     6.890481e-14
      31     6.160021e-08    -5.033940e-08     1.247602e-07     2.189375e-14
      32    -3.472308e-08     2.837550e-08    -7.032538e-08     6.956520e-15
      33     1.957284e-08    -1.599482e-08     3.964128e-08     2.210361e-15
      34    -1.103290e-08     9.016023e-09    -2.234516e-08     7.023196e-16
      35     6.219067e-09    -5.082188e-09     1.259561e-08     2.231548e-16
      36    -3.505589e-09     2.864748e-09    -7.099944e-09     7.090514e-17
      37     1.976045e-09    -1.614813e-09     4.002125e-09     2.252938e-17
      38    -1.113865e-09     9.102443e-10    -2.255934e-09     7.158476e-18
      39     6.278678e-10    -5.130902e-10     1.271634e-09     2.274532e-18
      40    -3.539191e-10     2.892209e-10    -7.167997e-10     7.227093e-19
      41     1.994986e-10    -1.630294e-10     4.040486e-10     2.296335e-19
      42    -1.124545e-10     9.189716e-11    -2.277556e-10     7.296371e-20
      43     6.338841e-11    -5.180123e-11     1.283820e-10     2.318339e-20
      44    -3.573120e-11     2.919953e-11    -7.236722e-11     7.366346e-21

----------------------------------------------------------
Chute inicial: x0 = 0.355296, y0 = -0.539070, z0 = -0.977442
----------------------------------------------------------
    iter               f1               f2               f3                G
       0     5.694656e+00     6.530975e+00     4.445772e+00     9.484762e+01
       1     5.200397e+00     5.194272e+00     4.621437e+00     7.538227e+01
       2     4.872140e+00     2.876343e+00     6.287821e+00     7.154779e+01
       3     1.221687e+00     2.633833e+00    -1.234092e+00     9.952577e+00
       4     1.209565e+00     3.199697e-01     2.691810e+00     8.811271e+00
       5     5.022715e-01     1.017498e+00    -1.794341e-01     1.319775e+00
       6     5.014167e-01     6.106378e-01     4.729778e-01     8.480052e-01
       7     4.746643e-01     3.973093e-01     6.520910e-01     8.083835e-01
       8     2.134309e-01     4.900326e-01    -4.880678e-01     5.238948e-01
       9     2.141169e-01     1.864693e-01     8.482626e-02     8.781235e-02
      10     2.071454e-01     1.464269e-01     1.510446e-01     8.716451e-02
      11     1.176650e-01     6.510085e-02     1.643477e-01     4.509333e-02
      12     8.046059e-02     1.425632e-01    -6.939933e-02     3.161443e-02
      13     8.303307e-02     7.238699e-02     6.243442e-02     1.603242e-02
      14     6.842241e-02     3.413590e-02     9.516383e-02     1.490304e-02
      15     4.691273e-02     8.674771e-02    -4.948333e-02     1.217457e-02
      16     4.877465e-02     4.183481e-02     3.582171e-02     5.412313e-03
      17     4.018768e-02     1.984073e-02     5.563791e-02     5.104282e-03
      18     2.778400e-02     5.132241e-02    -2.941285e-02     4.271056e-03
      19     2.891231e-02     2.460252e-02     2.140043e-02     1.899184e-03
      20     2.377919e-02     1.206360e-02     3.230384e-02     1.754518e-03
      21     1.663793e-02     2.969960e-02    -1.575230e-02     1.407022e-03
      22     1.723698e-02     1.454469e-02     1.296829e-02     6.768383e-04
      23     1.413821e-02     7.479588e-03     1.865916e-02     6.039975e-04
      24     1.002723e-02     1.696631e-02    -7.805688e-03     4.493299e-04
      25     1.031129e-02     8.622224e-03     7.900536e-03     2.430839e-04
      26     6.555641e-03     7.130418e-04     1.362438e-02     2.291087e-04
      27     5.120335e-03     7.660875e-03    -2.173852e-03     8.963247e-05
      28     5.179631e-03     4.259452e-03     4.099263e-03     6.177546e-05
      29     3.243895e-03     7.837077e-04     5.966355e-03     4.673444e-05
      30     2.612990e-03     3.485970e-03    -3.446696e-04     1.909850e-05
      31     2.606595e-03     2.114224e-03     2.116140e-03     1.574233e-05
      32     1.612642e-03     5.683325e-04     2.643985e-03     9.914275e-06
      33     1.330828e-03     1.604879e-03     1.323634e-04     4.364259e-06
      34     1.312794e-03     1.053118e-03     1.086994e-03     4.014042e-06
      35     8.042879e-04     3.556279e-04     1.188498e-03     2.185879e-06
      36     6.763843e-04     7.483582e-04     1.887632e-04     1.053167e-06
      37     6.613966e-04     5.259503e-04     5.560004e-04     1.023206e-06
      38     4.020727e-04     2.065364e-04     5.422748e-04     4.983817e-07
      39     2.842151e-04     5.001075e-04    -2.556940e-04     3.962651e-07
      40     2.939084e-04     2.464632e-04     2.240853e-04     1.973405e-07
      41     1.874813e-04     1.659660e-05     3.966959e-04     1.927923e-07
      42     1.462593e-04     2.225927e-04    -6.884153e-05     7.567846e-08
      43     1.482526e-04     1.220595e-04     1.171135e-04     5.059293e-08
      44     9.301020e-05     2.171924e-05     1.724686e-04     3.886804e-08
      45     7.488836e-05     1.006487e-04    -1.120368e-05     1.586395e-08
      46     7.476066e-05     6.066920e-05     6.065126e-05     1.294848e-08
      47     4.629476e-05     1.616462e-05     7.618279e-05     8.208317e-09
      48     3.819846e-05     4.621233e-05     3.535168e-06     3.607199e-09
      49     3.769155e-05     3.024255e-05     3.120008e-05     3.308709e-09
      50     2.310265e-05     1.018413e-05     3.419680e-05     1.806870e-09
      51     1.942744e-05     2.152505e-05     5.367716e-06     8.695656e-10
      52     1.899914e-05     1.510981e-05     1.596975e-05     8.443067e-10
      53     1.155263e-05     5.927626e-06     1.559358e-05     4.117597e-10
      54     8.164915e-06     1.438802e-05    -7.383191e-06     3.281925e-10
      55     8.445211e-06     7.082778e-06     6.437465e-06     1.629283e-10
      56     5.387813e-06     4.720908e-07     1.140914e-05     1.594199e-10
      57     4.202749e-06     6.401003e-06    -1.986813e-06     6.258336e-11
      58     4.260423e-06     3.507924e-06     3.365184e-06     4.178120e-11
      59     2.673097e-06     6.229238e-07     4.959070e-06     3.212586e-11
      60     2.152139e-06     2.893685e-06    -3.242115e-07     1.311023e-11
      61     2.148570e-06     1.743658e-06     1.742964e-06     1.069462e-11
      62     1.330543e-06     4.641979e-07     2.190246e-06     6.783003e-12
      63     1.097800e-06     1.328479e-06     1.009421e-07     2.980210e-12
      64     1.083262e-06     8.691978e-07     8.966587e-07     2.732957e-12
      65     6.639943e-07     2.925747e-07     9.830843e-07     1.492943e-12
      66     5.583462e-07     6.187507e-07     1.540548e-07     7.183358e-13
      67     5.460468e-07     4.342728e-07     4.589673e-07     6.974109e-13
      68     3.320364e-07     1.703213e-07     4.482608e-07     3.401953e-13
      69     2.346544e-07     4.136427e-07    -2.124412e-07     2.712943e-13
      70     2.427220e-07     2.035733e-07     1.850022e-07     1.345819e-13
      71     1.548561e-07     1.351722e-08     3.280138e-07     1.317562e-13
      72     1.207865e-07     1.840150e-07    -5.719273e-08     5.172192e-14
      73     1.224484e-07     1.008242e-07     9.671251e-08     3.451245e-14
      74     7.682956e-08     1.788401e-08     1.425685e-07     2.654838e-14
      75     6.185291e-08     8.318420e-08    -9.352345e-09     1.083286e-14
      76     6.175198e-08     5.011570e-08     5.009219e-08     8.834118e-15
      77     3.824199e-08     1.333404e-08     6.296530e-08     5.604876e-15
      78     3.155125e-08     3.818832e-08     2.888011e-09     2.462169e-15
      79     3.113403e-08     2.498211e-08     2.576999e-08     2.257526e-15
      80     1.908421e-08     8.406000e-09     2.826084e-08     1.233543e-15
      81     1.604720e-08     1.778605e-08     4.422589e-09     5.934156e-16
      82     1.569395e-08     1.248164e-08     1.319085e-08     5.760898e-16
      83     9.543202e-09     4.894083e-09     1.288581e-08     2.810689e-16
      84     6.743892e-09     1.189161e-08    -6.112082e-09     2.242481e-16
      85     6.976068e-09     5.851132e-09     5.316719e-09     1.111688e-16
      86     4.450878e-09     3.871019e-10     9.430329e-09     1.088913e-16
      87     3.471406e-09     5.289990e-09    -1.646236e-09     4.274475e-17
      88     3.519290e-09     2.897881e-09     2.779448e-09     2.850845e-17
      89     2.208222e-09     5.134604e-10     4.098687e-09     2.193912e-17
      90     1.777669e-09     2.391272e-09    -2.697547e-10     8.951057e-18
      91     1.774815e-09     1.440412e-09     1.439636e-09     7.297306e-18
      92     1.099139e-09     3.830214e-10     1.810127e-09     4.631370e-18
      93     9.067977e-10     1.097756e-09     8.262990e-11     2.034178e-18
      94     8.948242e-10     7.180256e-10     7.406307e-10     1.864805e-18
      95     5.485095e-10     2.415146e-10     8.124172e-10     1.019214e-18
      96     4.612062e-10     5.112615e-10     1.269640e-10     4.902193e-19
      97     4.510605e-10     3.587406e-10     3.791087e-10     4.758738e-19
      98     2.742853e-10     1.406295e-10     3.704179e-10     2.322185e-19
      99     1.938174e-10     3.418645e-10    -1.758456e-10     1.853582e-19
     100     2.004992e-10     1.681739e-10     1.527958e-10     9.182893e-20
     101     1.279270e-10     1.108669e-11     2.711180e-10     8.999321e-20
     102     9.976842e-11     1.520737e-10    -4.738365e-11     3.532535e-20
     103     1.011480e-10     8.329071e-11     7.987966e-11     2.354902e-20
     104     6.346834e-11     1.474199e-11     1.178313e-10     1.812977e-20
     105     5.109069e-11     6.874057e-11    -7.779999e-12     7.396053e-21

----------------------------------------------------------
Chute inicial: x0 = -0.413285, y0 = 0.472490, z0 = -0.263552
----------------------------------------------------------
    iter               f1               f2               f3                G
       0     2.872205e+00     1.674084e+00    -1.238628e+00     1.258632e+01
       1     2.177458e+00     1.970905e+00     6.067555e-01     8.993944e+00
       2     2.058177e+00     1.966373e+00     8.466065e-01     8.819455e+00
       3     1.824627e+00     1.917242e+00     1.271122e+00     8.620833e+00
       4     1.314160e+00     1.570009e+00     1.776012e+00     7.346162e+00
       5     2.194830e-01     1.855691e-01     1.284266e+00     1.731947e+00
       6    -2.035506e-01    -1.946754e-01    -2.064087e-01     1.219359e-01

----------------------------------------------------------
Chute inicial: x0 = -0.105179, y0 = 0.496026, z0 = 0.238546
----------------------------------------------------------
    iter               f1               f2               f3                G
       0     1.055224e+00    -6.780679e-01    -1.837109e+00     4.948243e+00
       1     7.957215e-01     9.771317e-02    -3.996860e-01     8.024694e-01
       2     7.202948e-01     2.949585e-01    -7.781954e-03     6.058857e-01
       3     6.745205e-01     3.443386e-01     1.164446e-01     5.871064e-01
       4     6.275455e-01     3.771133e-01     2.147357e-01     5.821393e-01
       5     5.799407e-01     3.954019e-01     2.894714e-01     5.764676e-01
       6     4.863201e-01     4.101007e-01     4.010499e-01     5.655309e-01
       7     1.424874e-01     3.329986e-01     5.871548e-01     4.759415e-01
       8    -1.100647e-01    -1.833959e-01    -1.831622e-01     7.929669e-02
       9    -2.403632e-04     2.012464e-05    -2.708376e-02     7.335880e-04
      10     4.866031e-03     7.552972e-03     9.127856e-03     1.640434e-04
      11    -1.992194e-04    -8.112533e-05     1.246216e-03     1.599323e-06
      12    -3.671225e-04    -6.262081e-04    -8.374261e-04     1.228198e-06
      13     5.981861e-05     8.708705e-05     9.753259e-06     1.125755e-08
      14     1.866847e-05     3.307487e-05     5.730427e-05     4.726238e-09
      15    -6.190121e-06    -9.584877e-06    -6.886994e-06     1.776182e-10
      16    -6.507192e-07    -1.310359e-06    -3.305679e-06     1.306799e-11
      17     5.102449e-07     8.243292e-07     8.510313e-07     1.664123e-12
      18    -1.018998e-08     1.732444e-09     1.400213e-07     1.971280e-14
      19    -3.492116e-08    -5.840005e-08    -7.549316e-08     1.032927e-14
      20     4.550988e-09     6.282383e-09    -1.611342e-09     6.277625e-17
      21     1.968719e-09     3.438396e-09     5.512538e-09     4.608649e-17
      22    -5.377834e-10    -8.215288e-10    -4.912932e-10     1.205490e-18
      23    -8.009593e-11    -1.528080e-10    -3.356504e-10     1.424268e-19
      24     4.679812e-11     7.483236e-11     7.156542e-11     1.291156e-20
      25     5.235812e-13     2.584821e-12     1.586509e-11     2.586564e-22

----------------------------------------------------------
Chute inicial: x0 = -0.017600, y0 = -0.033653, z0 = 0.798190
----------------------------------------------------------
    iter               f1               f2               f3                G
       0     1.144676e+00    -2.123702e+00     1.409754e+00     7.807800e+00
       1     8.032558e-01     1.087528e+00     2.137469e+00     6.396712e+00
       2     1.585072e-02    -1.844024e-01    -5.874413e-01     3.793427e-01
       3     5.621432e-02     2.603563e-01     5.090724e-01     3.301001e-01
       4    -3.758160e-02    -1.782813e-01    -4.211508e-01     2.105646e-01
       5     2.125311e-02     1.392164e-01     3.211842e-01     1.229922e-01
       6    -2.500625e-02    -1.212270e-01    -2.666245e-01     8.640995e-02
       7     1.593026e-02     9.046587e-02     2.101048e-01     5.258186e-02
       8    -1.474894e-02    -7.611104e-02    -1.691052e-01     3.460699e-02
       9     1.087393e-02     5.889633e-02     1.348280e-01     2.176561e-02
      10    -9.200506e-03    -4.814707e-02    -1.079377e-01     1.405334e-02
      11     7.040629e-03     3.783452e-02     8.610861e-02     8.895715e-03
      12    -5.836410e-03    -3.064087e-02    -6.891517e-02     5.722227e-03
      13     4.524305e-03     2.421591e-02     5.498330e-02     3.630043e-03
      14    -3.706957e-03    -1.952207e-02    -4.398320e-02     2.329374e-03
      15     2.902768e-03     1.548510e-02     3.510670e-02     1.480695e-03
      16    -2.357020e-03    -1.244383e-02    -2.806972e-02     9.483136e-04
      17     1.859164e-03     9.895974e-03     2.241250e-02     6.037070e-04
      18    -1.500650e-03    -7.935511e-03    -1.791465e-02     3.861589e-04
      19     1.189203e-03     6.321295e-03     1.430714e-02     2.460672e-04
      20    -9.563031e-04    -5.062167e-03    -1.143387e-02     1.572733e-04
      21     7.600600e-04     4.036724e-03     9.132623e-03     1.002776e-04
      22    -6.097645e-04    -3.229896e-03    -7.297723e-03     6.406080e-05
      23     4.855435e-04     2.577361e-03     5.829445e-03     4.086097e-05
      24    -3.889453e-04    -2.061097e-03    -4.657878e-03     2.609523e-05
      25     3.100810e-04     1.645406e-03     3.720935e-03     1.664887e-05
      26    -2.481522e-04    -1.315363e-03    -2.972990e-03     1.063043e-05
      27     1.979874e-04     1.050365e-03     2.375050e-03     6.783331e-06
      28    -1.583485e-04    -8.394924e-04    -1.897587e-03     4.330657e-06
      29     1.263996e-04     6.704836e-04     1.515971e-03     2.763694e-06
      30    -1.010537e-04    -5.358007e-04    -1.211189e-03     1.764272e-06
      31     8.069001e-05     4.279801e-04     9.676257e-04     1.125977e-06
      32    -6.449379e-05    -3.419791e-04    -7.730777e-04     7.187583e-07
      33     5.150767e-05     2.731814e-04     6.176221e-04     4.587382e-07
      34    -4.116241e-05    -2.182740e-04    -4.934411e-04     2.928220e-07
      35     3.287835e-05     1.743707e-04     3.942191e-04     1.868948e-07
      36    -2.627210e-05    -1.393184e-04    -3.149547e-04     1.192963e-07
      37     2.098647e-05     1.112994e-04     2.516239e-04     7.614260e-08
      38    -1.676857e-05    -8.892373e-05    -2.010301e-04     4.860172e-08
      39     1.339563e-05     7.104118e-05     1.606076e-04     3.102109e-08
      40    -1.070290e-05    -5.675817e-05    -1.283141e-04     1.980055e-08
      41     8.550332e-06     4.534465e-05     1.025132e-04     1.263821e-08
      42    -6.831406e-06    -3.622765e-05    -8.190072e-05     8.066839e-09
      43     5.457587e-06     2.894284e-05     6.543254e-05     5.148891e-09
      44    -4.360341e-06    -2.312345e-05    -5.227586e-05     3.286472e-09
      45     3.483509e-06     1.847378e-05     4.176452e-05     2.097691e-09
      46    -2.783120e-06    -1.475929e-05    -3.336681e-05     1.338927e-09
      47     2.223475e-06     1.179152e-05     2.665761e-05     8.546121e-10
      48    -1.776414e-06    -9.420602e-06    -2.129748e-05     5.454862e-10
      49     1.419211e-06     7.526342e-06     1.701512e-05     3.481741e-10
      50    -1.133854e-06    -6.013011e-06    -1.359383e-05     2.222342e-10
      51     9.058602e-07     4.803943e-06     1.086047e-05     1.418482e-10
      52    -7.237193e-07    -3.838004e-06    -8.676717e-06     9.053947e-11
      53     5.781962e-07     3.066278e-06     6.932058e-06     5.778980e-11
      54    -4.619377e-07    -2.449734e-06    -5.538205e-06     3.688630e-11
      55     3.690533e-07     1.957155e-06     4.424618e-06     2.354390e-11
      56    -2.948471e-07    -1.563624e-06    -3.534945e-06     1.502769e-11
      57     2.355607e-07     1.249220e-06     2.824161e-06     9.591925e-12
      58    -1.881960e-07    -9.980355e-07    -2.256297e-06     6.122369e-12
      59     1.503546e-07     7.973567e-07     1.802615e-06     3.907806e-12
      60    -1.201223e-07    -6.370296e-07    -1.440157e-06     2.494289e-12
      61     9.596886e-08     5.089397e-07     1.150580e-06     1.592063e-12
      62    -7.667210e-08    -4.066054e-07    -9.192286e-07     1.016188e-12
      63     6.125535e-08     3.248478e-07     7.343960e-07     6.486158e-13
      64    -4.893853e-08    -2.595295e-07    -5.867284e-07     4.140008e-13
      65     3.909828e-08     2.073450e-07     4.687529e-07     2.642499e-13
      66    -3.123666e-08    -1.656534e-07    -3.744991e-07     1.686663e-13
      67     2.495579e-08     1.323449e-07     2.991972e-07     1.076569e-13
      68    -1.993784e-08    -1.057338e-07    -2.390366e-07     6.871565e-14
      69     1.592887e-08     8.447356e-08     1.909727e-07     4.386006e-14
      70    -1.272600e-08    -6.748817e-08    -1.525731e-07     2.799516e-14
      71     1.016713e-08     5.391808e-08     1.218947e-07     1.786885e-14
      72    -8.122793e-09    -4.307658e-08    -9.738490e-08     1.140539e-14
      73     6.489514e-09     3.441502e-08     7.780337e-08     7.279872e-15
      74    -5.184645e-09    -2.749507e-08    -6.215917e-08     4.646622e-15
      75     4.142150e-09     2.196654e-08     4.966061e-08     2.965862e-15
      76    -3.309273e-09    -1.754965e-08    -3.967517e-08     1.893061e-15
      77     2.643866e-09     1.402088e-08     3.169755e-08     1.208310e-15
      78    -2.112254e-09    -1.120165e-08    -2.532401e-08     7.712440e-16
      79     1.687536e-09     8.949296e-09     2.023202e-08     4.922723e-16
      80    -1.348217e-09    -7.149830e-09    -1.616390e-08     3.142093e-16
      81     1.077126e-09     5.712188e-09     1.291377e-08     2.005546e-16
      82    -8.605447e-10    -4.563619e-09    -1.031715e-08     1.280107e-16
      83     6.875120e-10     3.645996e-09     8.242644e-09     8.170714e-17
      84    -5.492716e-10    -2.912883e-09    -6.585266e-09     5.215232e-17
      85     4.388274e-10     2.327179e-09     5.261144e-09     3.328796e-17
      86    -3.505910e-10    -1.859245e-09    -4.203267e-09     2.124716e-17
      87     2.800964e-10     1.485400e-09     3.358102e-09     1.356171e-17
      88    -2.237766e-10    -1.186725e-09    -2.682876e-09     8.656216e-18
      89     1.787808e-10     9.481060e-10     2.143420e-09     5.525118e-18
      90    -1.428329e-10    -7.574672e-10    -1.712435e-09     3.526592e-18
      91     1.141129e-10     6.051601e-10     1.368110e-09     2.250965e-18
      92    -9.116785e-11    -4.834781e-10    -1.093018e-09     1.436751e-18
      93     7.283618e-11     3.862632e-10     8.732404e-10     9.170531e-19
      94    -5.819067e-11    -3.085958e-10    -6.976548e-10     5.853398e-19
      95     4.649015e-11     2.465457e-10     5.573748e-10     3.736128e-19
      96    -3.714218e-11    -1.969718e-10    -4.453016e-10     2.384709e-19
      97     2.967382e-11     1.573659e-10     3.557634e-10     1.522122e-19
      98    -2.370726e-11    -1.257241e-10    -2.842289e-10     9.715463e-20
      99     1.894040e-11     1.004445e-10     2.270784e-10     6.201242e-20
     100    -1.513190e-11    -8.024781e-11    -1.814193e-10     3.958166e-20
     101     1.208944e-11     6.411227e-11     1.449409e-10     2.526442e-20
     102    -9.658718e-12    -5.122103e-11    -1.157971e-10     1.612586e-20
     103     7.716494e-12     4.092193e-11     9.251311e-11     1.029282e-20
     104    -6.165068e-12    -3.269363e-11    -7.391154e-11     6.569797e-21

----------------------------------------------------------
Chute inicial: x0 = -0.382160, y0 = 0.359017, z0 = 0.071011
----------------------------------------------------------
    iter               f1               f2               f3                G
       0     2.184247e+00     4.189086e-01    -9.878426e-01     5.922252e+00
       1     1.766765e+00     1.306752e+00     7.806880e-01     5.438532e+00
       2     1.766765e+00     1.306752e+00     7.806880e-01     5.438532e+00

----------------------------------------------------------
Chute inicial: x0 = -0.837310, y0 = 0.742857, z0 = -0.029170
----------------------------------------------------------
    iter               f1               f2               f3                G
       0     3.501024e+00     1.584982e+00    -8.664582e-01     1.552009e+01
       1     3.159900e+00     1.865875e+00    -6.462078e-02     1.347063e+01
       2     3.159900e+00     1.865875e+00    -6.462078e-02     1.347063e+01

----------------------------------------------------------
Chute inicial: x0 = 0.102970, y0 = 0.936032, z0 = 0.759052
----------------------------------------------------------
    iter               f1               f2               f3                G
       0    -1.331893e-01    -3.010911e+00    -2.559999e+00     1.563692e+01
       1     1.818906e+00     1.371658e+00     1.082668e+00     6.362034e+00
       2     3.305318e-01     6.970737e-01     1.099347e+00     1.803727e+00
       3    -4.763338e-01    -1.909251e-01     1.576978e-01     2.882149e-01
       4    -4.207572e-01    -3.031514e-01    -1.125754e-01     2.816107e-01
       5    -3.807623e-01    -3.186549e-01    -1.812092e-01     2.793576e-01
       6     1.010321e-02    -2.600872e-01    -4.407581e-01     2.620151e-01
       7     2.646902e-01     2.413095e-01     1.987377e-01     1.677878e-01
       8    -7.962312e-02     1.188712e-01     2.747967e-01     9.598342e-02
       9    -1.240297e-01    -4.920906e-02     1.824985e-02     1.813794e-02
      10    -1.025196e-01    -6.855926e-02    -3.357421e-02     1.633787e-02
      11    -5.261506e-02    -7.238776e-02    -8.148822e-02     1.464866e-02
      12     3.680216e-02    -3.348040e-03    -3.549491e-02     2.625497e-03
      13     3.137720e-02     2.286373e-02     1.371582e-02     1.695403e-03
      14     1.425674e-02     2.117508e-02     2.479316e-02     1.266340e-03
      15    -1.162986e-02    -4.746324e-04     8.766891e-03     2.123373e-04
      16    -9.288268e-03    -7.535669e-03    -5.336277e-03     1.715341e-04
      17     1.439833e-03    -5.256425e-03    -1.021696e-02     1.340894e-04
      18     6.028356e-03     6.499213e-03     6.238977e-03     1.175057e-04
      19    -2.521563e-03     1.971490e-03     5.462538e-03     4.008437e-05
      20    -3.018088e-03    -1.507715e-03    -1.194229e-04     1.139632e-05
      21    -1.730923e-03    -2.023790e-03    -2.063296e-03     1.134901e-05
      22     8.750833e-04    -4.273631e-04    -1.452339e-03     3.057697e-06
      23     9.218142e-04     5.362627e-04     1.671327e-04     1.165252e-06
      24     4.910538e-04     6.214591e-04     6.667800e-04     1.071941e-06
      25    -2.944989e-04     7.926744e-05     3.778501e-04     2.357836e-07
      26    -2.788880e-04    -1.843314e-04    -8.853337e-05     1.195947e-07
      27    -1.378903e-04    -1.893711e-04    -2.127962e-04     1.001574e-07
      28     9.714331e-05    -9.100540e-06    -9.528864e-05     1.859957e-08
      29     8.369115e-05     6.176087e-05     3.766276e-05     1.223710e-08
      30    -7.217215e-06     5.261773e-05     9.645300e-05     1.212389e-08
      31    -5.576454e-05    -5.585742e-05    -5.039675e-05     8.769568e-09
      32     1.911721e-05    -2.203726e-05    -5.358946e-05     3.722938e-09
      33     2.632145e-05     1.099741e-05    -2.654732e-06     8.208097e-10
      34     2.122381e-05     1.425111e-05     7.122518e-06     7.042745e-10
      35     1.038361e-05     1.442248e-05     1.630376e-05     5.816397e-10
      36    -7.473375e-06     5.415446e-07     7.058215e-06     1.059630e-10
      37    -6.361502e-06    -4.760747e-06    -2.976589e-06     7.199350e-11
      38     6.128482e-07    -3.941078e-06    -7.283551e-06     6.895780e-11
      39     4.222476e-06     4.276409e-06     3.896717e-06     5.130139e-11
      40    -1.493239e-06     1.627090e-06     4.023735e-06     2.106763e-11
      41    -2.010117e-06    -8.644124e-07     1.604795e-07     4.813532e-12
      42    -1.614851e-06    -1.101322e-06    -5.711798e-07     4.146901e-12
      43    -7.817910e-07    -1.098341e-06    -1.248963e-06     3.377458e-12
      44     5.748009e-07    -2.973800e-08    -5.223686e-07     6.041493e-13
      45     4.834853e-07     3.668432e-07     2.348607e-07     4.234916e-13
      46    -5.146170e-08     2.950836e-07     5.499182e-07     3.921326e-13
      47    -3.196761e-07    -3.273407e-07    -3.011760e-07     3.000517e-13
      48     1.165355e-07    -1.200122e-07    -3.020288e-07     1.192048e-13
      49     1.534826e-07     6.785875e-08    -9.059020e-09     2.824377e-14
      50     1.228503e-07     8.507273e-08     4.567113e-08     2.441543e-14
      51     5.884763e-08     8.363030e-08     9.565628e-08     1.960719e-14
      52    -4.419630e-08     1.392592e-09     3.862663e-08     3.447268e-15
      53    -3.674010e-08    -2.825759e-08    -1.850289e-08     2.490684e-15
      54     4.281473e-09    -2.208588e-08    -4.151156e-08     2.229327e-15
      55     2.419810e-08     2.505129e-08     2.326747e-08     1.754491e-15
      56    -9.086910e-09     8.842607e-09     2.266403e-08     6.744217e-16
      57    -1.171710e-08    -5.320780e-09     4.501126e-10     1.658037e-16
      58    -9.344448e-09    -6.568766e-09    -3.642230e-09     1.437332e-16
      59    -4.428570e-09    -6.366819e-09    -7.324607e-09     1.137985e-16
      60     3.397251e-09    -3.993805e-11    -2.853659e-09     1.968628e-17
      61     2.791462e-09     2.175921e-09     1.455635e-09     1.464576e-17
      62    -3.534715e-10     1.652415e-09     3.132968e-09     1.267090e-17
      63    -1.831390e-09    -1.916779e-09    -1.796775e-09     1.025643e-17
      64     7.079843e-10    -6.507992e-10    -1.700168e-09     3.815354e-18
      65     8.943462e-10     4.167362e-10    -1.610045e-11     9.737833e-19
      66     7.106644e-10     5.069907e-10     2.897709e-10     8.460506e-19
      67     3.331904e-10     4.846339e-10     5.607421e-10     6.603175e-19
      68    -2.610631e-10    -1.969536e-12     2.106206e-10     1.125189e-19
      69    -2.120595e-10    -1.674978e-10    -1.143643e-10     8.610393e-20
      70     2.899259e-11    -1.235814e-10    -2.364056e-10     7.200051e-20
      71     1.385823e-10     1.466314e-10     1.386948e-10     5.994206e-20
      72    -5.511858e-11     4.783995e-11     1.274998e-10     2.158291e-20
      73    -6.825207e-11    -3.260525e-11    -1.516565e-13     5.721471e-21

----------------------------------------------------------
Chute inicial: x0 = 0.018703, y0 = 0.384142, z0 = -0.540718
----------------------------------------------------------
    iter               f1               f2               f3                G
       0     2.716037e+00     2.542854e+00    -9.507668e-01     1.474692e+01
       1     1.427532e+00     9.163028e-01     2.131766e+00     7.421885e+00
       2     6.343630e-02     2.710740e-01     1.353173e+00     1.908581e+00
       3    -2.609720e-01    -3.489118e-01    -6.769638e-01     6.481258e-01
       4    -6.937863e-02     3.506493e-02    -5.128434e-02     8.673027e-03
       5    -6.060170e-02    -3.159472e-03    -6.977357e-02     8.550900e-03
       6    -5.174511e-02    -1.923513e-02    -7.296391e-02     8.371279e-03
       7    -1.858685e-02    -3.974987e-02    -5.680232e-02     5.152026e-03
       8    -1.620653e-03     1.898122e-02     5.613702e-03     3.944268e-04
       9    -1.409048e-03    -3.821691e-04    -3.396509e-03     1.366775e-05
      10    -1.585734e-04    -1.014856e-03    -9.147106e-04     1.891774e-06
      11     4.297074e-05     8.185495e-04     4.853454e-04     9.074299e-07
      12    -3.217393e-05    -7.363771e-04    -4.319071e-04     7.298301e-07
      13     3.198285e-05     6.699567e-04     3.985202e-04     6.086832e-07
      14    -2.863297e-05    -6.068177e-04    -3.601262e-04     4.987384e-07
      15     2.595346e-05     5.499393e-04     3.264040e-04     4.096464e-07
      16    -2.353132e-05    -4.983988e-04    -2.958328e-04     3.364721e-07
      17     2.131902e-05     4.516716e-04     2.680843e-04     2.763309e-07
      18    -1.932523e-05    -4.093368e-04    -2.429662e-04     2.269627e-07
      19     1.750991e-05     3.709612e-04     2.201806e-04     1.863983e-07
      20    -1.587161e-05    -3.361905e-04    -1.995488e-04     1.530957e-07
      21     1.438126e-05     3.046730e-04     1.808364e-04     1.257343e-07
      22    -1.303524e-05    -2.761152e-04    -1.638901e-04     1.032695e-07
      23     1.181160e-05     2.502301e-04     1.485225e-04     8.481353e-08
      24    -1.070578e-05    -2.267749e-04    -1.346036e-04     6.965962e-08
      25     9.701058e-06     2.055157e-04     1.219828e-04     5.721059e-08
      26    -8.792624e-06    -1.862516e-04    -1.105505e-04     4.698838e-08
      27     7.967620e-06     1.687914e-04     1.001854e-04     3.859113e-08
      28    -7.221371e-06    -1.529695e-04    -9.079567e-05     3.169567e-08
      29     6.543911e-06     1.386295e-04     8.228306e-05     2.603146e-08
      30    -5.930913e-06    -1.256348e-04    -7.457094e-05     2.138009e-08
      31     5.374592e-06     1.138573e-04     6.757969e-05     1.755939e-08
      32    -4.871066e-06    -1.031846e-04    -6.124550e-05     1.442180e-08
      33     4.414210e-06     9.351174e-05     5.550369e-05     1.184459e-08
      34    -4.000616e-06    -8.474612e-05    -5.030126e-05     9.728127e-09
      35     3.625435e-06     7.680180e-05     4.558557e-05     7.989704e-09
      36    -3.285718e-06    -6.960251e-05    -4.131270e-05     6.562044e-09
      37     2.977604e-06     6.307781e-05     3.743974e-05     5.389411e-09
      38    -2.698571e-06    -5.716496e-05    -3.393036e-05     4.426385e-09
      39     2.445532e-06     5.180621e-05     3.074951e-05     3.635397e-09
      40    -2.216347e-06    -4.694994e-05    -2.786720e-05     2.985789e-09
      41     2.008536e-06     4.254877e-05     2.525478e-05     2.452236e-09
      42    -1.820296e-06    -3.856027e-05    -2.288749e-05     2.014045e-09
      43     1.649627e-06     3.494558e-05     2.074192e-05     1.654142e-09
      44    -1.495017e-06    -3.166979e-05    -1.879763e-05     1.358562e-09
      45     1.354851e-06     2.870102e-05     1.703548e-05     1.115792e-09
      46    -1.227865e-06    -2.601059e-05    -1.543861e-05     9.164093e-10
      47     1.112749e-06     2.357233e-05     1.399135e-05     7.526508e-10
      48    -1.008452e-06    -2.136266e-05    -1.267982e-05     6.181582e-10
      49     9.139090e-07     1.936010e-05     1.149118e-05     5.076962e-10
      50    -8.282471e-07    -1.754529e-05    -1.041402e-05     4.169748e-10
      51     7.505999e-07     1.590058e-05     9.437783e-06     3.424634e-10
      52    -6.802440e-07    -1.441005e-05    -8.553095e-06     2.812678e-10
      53     6.164729e-07     1.305924e-05     7.751311e-06     2.310067e-10
      54    -5.586882e-07    -1.183507e-05    -7.024709e-06     1.897275e-10
      55     5.063134e-07     1.072564e-05     6.366201e-06     1.558242e-10
      56    -4.588539e-07    -9.720214e-06    -5.769437e-06     1.279795e-10
      57     4.158386e-07     8.809034e-06     5.228602e-06     1.051103e-10
      58    -3.768594e-07    -7.983273e-06    -4.738474e-06     8.632781e-11
      59     3.415310e-07     7.234915e-06     4.294284e-06     7.090151e-11
      60    -3.095169e-07    -6.556712e-06    -3.891738e-06     5.823190e-11
      61     2.805016e-07     5.942081e-06     3.526922e-06     4.782619e-11
      62    -2.542080e-07    -5.385068e-06    -3.196309e-06     3.927997e-11
      63     2.303778e-07     4.880269e-06     2.896684e-06     3.226087e-11
      64    -2.087826e-07    -4.422790e-06    -2.625148e-06     2.649607e-11
      65     1.892108e-07     4.008195e-06     2.379064e-06     2.176138e-11
      66    -1.714744e-07    -3.632465e-06    -2.156051e-06     1.787276e-11
      67     1.554000e-07     3.291956e-06     1.953941e-06     1.467901e-11
      68    -1.408330e-07    -2.983366e-06    -1.770778e-06     1.205596e-11
      69     1.276310e-07     2.703704e-06     1.604784e-06     9.901635e-12
      70    -1.156670e-07    -2.450258e-06    -1.454351e-06     8.132277e-12
      71     1.048242e-07     2.220569e-06     1.318019e-06     6.679089e-12
      72    -9.499802e-08    -2.012412e-06    -1.194467e-06     5.485579e-12
      73     8.609277e-08     1.823767e-06     1.082497e-06     4.505339e-12
      74    -7.802246e-08    -1.652806e-06    -9.810236e-07     3.700264e-12
      75     7.070854e-08     1.497871e-06     8.890618e-07     3.039049e-12
      76    -6.408033e-08    -1.357460e-06    -8.057208e-07     2.495991e-12
      77     5.807337e-08     1.230211e-06     7.301920e-07     2.049972e-12
      78    -5.262957e-08    -1.114891e-06    -6.617435e-07     1.683655e-12
      79     4.769602e-08     1.010380e-06     5.997113e-07     1.382797e-12
      80    -4.322500e-08    -9.156666e-07    -5.434941e-07     1.135700e-12
      81     3.917304e-08     8.298316e-07     4.925466e-07     9.327571e-13
      82    -3.550096e-08    -7.520427e-07    -4.463751e-07     7.660793e-13
      83     3.217307e-08     6.815459e-07     4.045316e-07     6.291857e-13
      84    -2.915716e-08    -6.176574e-07    -3.666107e-07     5.167542e-13
      85     2.642394e-08     5.597579e-07     3.322444e-07     4.244134e-13
      86    -2.394696e-08    -5.072859e-07    -3.010996e-07     3.485734e-13
      87     2.170215e-08     4.597327e-07     2.728744e-07     2.862855e-13
      88    -1.966778e-08    -4.166371e-07    -2.472950e-07     2.351281e-13
      89     1.782411e-08     3.775813e-07     2.241134e-07     1.931122e-13
      90    -1.615327e-08    -3.421866e-07    -2.031049e-07     1.586042e-13
      91     1.463906e-08     3.101099e-07     1.840658e-07     1.302627e-13
      92    -1.326678e-08    -2.810400e-07    -1.668114e-07     1.069855e-13
      93     1.202315e-08     2.546952e-07     1.511744e-07     8.786789e-14
      94    -1.089609e-08    -2.308199e-07    -1.370032e-07     7.216645e-14
      95     9.874687e-09     2.091828e-07     1.241605e-07     5.927076e-14
      96    -8.949030e-09    -1.895739e-07    -1.125216e-07     4.867944e-14
      97     8.110142e-09     1.718031e-07     1.019738e-07     3.998073e-14
      98    -7.349894e-09    -1.556982e-07    -9.241469e-08     3.283643e-14
      99     6.660911e-09     1.411030e-07     8.375169e-08     2.696876e-14
     100    -6.036514e-09    -1.278759e-07    -7.590076e-08     2.214961e-14
     101     5.470647e-09     1.158888e-07     6.878579e-08     1.819162e-14
     102    -4.957827e-09    -1.050253e-07    -6.233777e-08     1.494089e-14
     103     4.493077e-09     9.518016e-08     5.649420e-08     1.227104e-14
     104    -4.071894e-09    -8.625792e-08    -5.119840e-08     1.007829e-14
     105     3.690193e-09     7.817206e-08     4.639904e-08     8.277359e-15
     106    -3.344272e-09    -7.084417e-08    -4.204957e-08     6.798247e-15
     107     3.030778e-09     6.420320e-08     3.810782e-08     5.583443e-15
     108    -2.746671e-09    -5.818476e-08    -3.453557e-08     4.585717e-15
     109     2.489197e-09     5.273049e-08     3.129819e-08     3.766278e-15
     110    -2.255859e-09    -4.778751e-08    -2.836428e-08     3.093267e-15
     111     2.044393e-09     4.330788e-08     2.570540e-08     2.540520e-15
     112    -1.852751e-09    -3.924818e-08    -2.329576e-08     2.086545e-15
     113     1.679073e-09     3.556904e-08     2.111201e-08     1.713692e-15
     114    -1.521676e-09    -3.223478e-08    -1.913296e-08     1.407466e-15
     115     1.379033e-09     2.921307e-08     1.733942e-08     1.155961e-15
     116    -1.249762e-09    -2.647462e-08    -1.571402e-08     9.493978e-16
     117     1.132608e-09     2.399288e-08     1.424098e-08     7.797464e-16
     118    -1.026437e-09    -2.174377e-08    -1.290602e-08     6.404106e-16
     119     9.302186e-10     1.970550e-08     1.169620e-08     5.259733e-16
     120    -8.430193e-10    -1.785830e-08    -1.059980e-08     4.319851e-16
     121     7.639944e-10     1.618425e-08     9.606165e-09     3.547921e-16
     122    -6.923768e-10    -1.466713e-08    -8.705677e-09     2.913929e-16
     123     6.274732e-10     1.329223e-08     7.889603e-09     2.393228e-16
     124    -5.686536e-10    -1.204621e-08    -7.150027e-09     1.965573e-16
     125     5.153475e-10     1.091699e-08     6.479780e-09     1.614338e-16
     126    -4.670389e-10    -9.893625e-09    -5.872363e-09     1.325866e-16
     127     4.232583e-10     8.966191e-09     5.321884e-09     1.088942e-16
     128    -3.835819e-10    -8.125696e-09    -4.823008e-09     8.943547e-17
     129     3.476248e-10     7.363989e-09     4.370896e-09     7.345391e-17
     130    -3.150382e-10    -6.673685e-09    -3.961166e-09     6.032816e-17
     131     2.855063e-10     6.048090e-09     3.589844e-09     4.954789e-17
     132    -2.587428e-10    -5.481139e-09    -3.253331e-09     4.069399e-17
     133     2.344880e-10     4.967334e-09     2.948362e-09     3.342223e-17
     134    -2.125071e-10    -4.501694e-09    -2.671981e-09     2.744989e-17
     135     1.925864e-10     4.079703e-09     2.421508e-09     2.254476e-17
     136    -1.745334e-10    -3.697270e-09    -2.194515e-09     1.851616e-17
     137     1.581726e-10     3.350686e-09     1.988800e-09     1.520744e-17
     138    -1.433453e-10    -3.036591e-09    -1.802369e-09     1.248997e-17
     139     1.299079e-10     2.751939e-09     1.633414e-09     1.025809e-17
     140    -1.177306e-10    -2.493971e-09    -1.480297e-09     8.425035e-18
     141     1.066944e-10     2.260185e-09     1.341533e-09     6.919533e-18
     142    -9.669288e-11    -2.048314e-09    -1.215777e-09     5.683054e-18
     143     8.762879e-11     1.856304e-09     1.101809e-09     4.667527e-18
     144    -7.941403e-11    -1.682293e-09    -9.985253e-10     3.833470e-18
     145     7.197021e-11     1.524594e-09     9.049235e-10     3.148454e-18
     146    -6.522349e-11    -1.381678e-09    -8.200953e-10     2.585844e-18
     147     5.910938e-11     1.252159e-09     7.432195e-10     2.123771e-18
     148    -5.356859e-11    -1.134781e-09    -6.735499e-10     1.744267e-18
     149     4.854694e-11     1.028406e-09     6.104108e-10     1.432578e-18
     150    -4.399636e-11    -9.320031e-10    -5.531908e-10     1.176586e-18
     151     3.987188e-11     8.446366e-10     5.013343e-10     9.663368e-19
     152    -3.613443e-11    -7.654601e-10    -4.543392e-10     7.936591e-19
     153     3.274714e-11     6.937053e-10     4.117491e-10     6.518367e-19
     154    -2.967726e-11    -6.286771e-10    -3.731517e-10     5.353579e-19
     155     2.689537e-11     5.697447e-10     3.381724e-10     4.396929e-19
     156    -2.437428e-11    -5.163365e-10    -3.064722e-10     3.611227e-19
     157     2.208944e-11     4.679348e-10     2.777432e-10     2.965922e-19
     158    -2.001865e-11    -4.240701e-10    -2.517071e-10     2.435927e-19
     159     1.814215e-11     3.843175e-10     2.281122e-10     2.000642e-19
     160    -1.644163e-11    -3.482914e-10    -2.067289e-10     1.643140e-19
     161     1.490030e-11     3.156420e-10     1.873495e-10     1.349517e-19
     162    -1.350353e-11    -2.860534e-10    -1.697873e-10     1.108366e-19
     163     1.223777e-11     2.592386e-10     1.538711e-10     9.103076e-20
     164    -1.109035e-11    -2.349372e-10    -1.394469e-10     7.476391e-20
     165     1.005085e-11     2.129141e-10     1.263754e-10     6.140418e-20
     166    -9.108492e-12    -1.929554e-10    -1.145288e-10     5.043162e-20
     167     8.254730e-12     1.748681e-10     1.037930e-10     4.141998e-20
     168    -7.480905e-12    -1.584763e-10    -9.406365e-11     3.401868e-20
     169     6.779910e-12     1.436209e-10     8.524648e-11     2.793989e-20
     170    -6.144196e-12    -1.301574e-10    -7.725487e-11     2.294703e-20
     171     5.567991e-12     1.179563e-10     7.001311e-11     1.884653e-20
     172    -5.046186e-12    -1.068996e-10    -6.345080e-11     1.547899e-20
     173     4.573453e-12     9.687895e-11     5.750289e-11     1.271303e-20
     174    -4.144685e-12    -8.779732e-11    -5.211209e-11     1.044122e-20
     175     3.755884e-12     7.956724e-11     4.722667e-11     8.575411e-21

----------------------------------------------------------
Chute inicial: x0 = -0.336531, y0 = 0.835981, z0 = 0.821016
----------------------------------------------------------
    iter               f1               f2               f3                G
       0     8.452515e-01    -3.030656e+00    -1.656031e+00     1.264176e+01
       1     1.189973e+00    -8.355781e-01    -1.989605e-01     2.153812e+00
       2     1.323863e+00    -1.708094e-01     3.308898e-01     1.891278e+00
